<?xml version="1.0" encoding="UTF-8" standalone="no" ?>
<SimscapeMultibodyImportXML version="2.0" xmlns="urn:mathworks:SimscapeMultibody:import" xmlns:xsi="http://www.w3.org/2001/XMLSchema-instance">
<Created by="" on="07/16/26||15:19:09" using="Simscape Multibody Link Version 7.4" from="SolidWorks 34.0.0"/>
<ModelUnits mass="kilogram" length="inch"/>
<DataUnits mass="kilogram" length="meter"/>
<RootAssembly name="TWO_link_ROBOTiC_ARM_ASEEMBLY" uid="TWO_link_ROBOTiC_ARM_ASEEMBLY" version="120">
<AssemblyFile name="TWO_link_ROBOTiC_ARM_ASEEMBLY.SLDASM" type="SolidWorks Assembly"/>
<InstanceTree>
<Instance name="Part_0_Link__0-1" uid="Part_0_Link__0-1" grounded="true" entityUid="Part_0_Link__0*:*Varsayilan">
<Transform>
<Rotation>-0.90872673340606425 0 -0.41739157154061446 0 0.99999999999999989 0 0.41739157154061457 0 -0.90872673340606414</Rotation>
<Translation>-0.063542012778188606 0 0.17081356889668814</Translation>
</Transform>
</Instance>
<Instance name="Part_2_Arm__2-1" uid="Part_2_Arm__2-1" entityUid="Part_2_Arm__2*:*Varsayilan">
<Transform>
<Rotation>-0.75327071755010122 0.50829863474970438 0.41739157154061235 -0.55935257109088621 -0.82892985301170996 -1.5543122344752192e-15 0.34598833404548562 -0.2334690486929083 0.90872673340606513</Rotation>
<Translation>-0.22650979530438031 0.1713485962829738 0.2759291942520315</Translation>
</Transform>
</Instance>
<Instance name="Part_1_Arm__1-1" uid="Part_1_Arm__1-1" entityUid="Part_1_Arm__1*:*Varsayilan">
<Transform>
<Rotation>-0.64951788089293649 -0.6355397693356446 0.41739157154061574 0.69937391073940647 -0.71475599541176915 3.6082248300317588e-16 0.29833312819299518 0.29191277569802732 0.9087267334060638</Rotation>
<Translation>-0.11353363800983125 0.15944678241284937 0.20753096896066844</Translation>
</Transform>
</Instance>
</InstanceTree>
<Constraints>
<Coincident name="Çakisik3">
<ConstraintGeometry geomType="plane">
<InstancePath>
<Uid>Part_0_Link__0-1</Uid>
</InstancePath>
<Position>0.1946183915816771 0.08780649114647418 -0.0049999999999999767</Position>
<Axis>0 0 -1</Axis>
</ConstraintGeometry>
<ConstraintGeometry geomType="plane">
<InstancePath>
<Uid>Part_1_Arm__1-1</Uid>
</InstancePath>
<Position>0 0 -0.0074999999999999789</Position>
<Axis>0 0 -1</Axis>
</ConstraintGeometry>
</Coincident>
<Coincident name="Çakisik4">
<ConstraintGeometry geomType="plane">
<InstancePath>
<Uid>Part_1_Arm__1-1</Uid>
</InstancePath>
<Position>0 0 0.0074999999999999789</Position>
<Axis>0 0 1</Axis>
</ConstraintGeometry>
<ConstraintGeometry geomType="plane">
<InstancePath>
<Uid>Part_2_Arm__2-1</Uid>
</InstancePath>
<Position>0 0 -0.0075000000000000067</Position>
<Axis>0 0 -1.0000000000000002</Axis>
</ConstraintGeometry>
</Coincident>
<Concentric name="Es Merkezli3">
<ConstraintGeometry geomType="cylinder">
<InstancePath>
<Uid>Part_1_Arm__1-1</Uid>
</InstancePath>
<Position>0.084999999999999964 -2.1510571102112408e-16 -0.0025000000000000022</Position>
<Axis>0 0 1</Axis>
</ConstraintGeometry>
<ConstraintGeometry geomType="cylinder">
<InstancePath>
<Uid>Part_2_Arm__2-1</Uid>
</InstancePath>
<Position>-0.084999999999999937 -3.3306690738754696e-16 -0.017500000000000016</Position>
<Axis>0 0 1.0000000000000002</Axis>
</ConstraintGeometry>
</Concentric>
<Concentric name="Es Merkezli4">
<ConstraintGeometry geomType="cylinder">
<InstancePath>
<Uid>Part_0_Link__0-1</Uid>
</InstancePath>
<Position>0 0.099999999999999978 0.0050000000000000183</Position>
<Axis>0 0 -1</Axis>
</ConstraintGeometry>
<ConstraintGeometry geomType="cylinder">
<InstancePath>
<Uid>Part_1_Arm__1-1</Uid>
</InstancePath>
<Position>-0.084999999999999964 -2.4980018054066022e-16 -0.017499999999999988</Position>
<Axis>0 0 1</Axis>
</ConstraintGeometry>
</Concentric>
</Constraints>
</RootAssembly>
<Assemblies>
</Assemblies>
<Parts>
<Part name="Part_0_Link__0" uid="Part_0_Link__0*:*Varsayilan" version="129">
<ModelUnits mass="kilogram" length="millimeter"/>
<PartFile name="Part_0_Link__0.SLDPRT" type="SolidWorks Part"/>
<MassProperties>
<Mass>0.39627397393558866</Mass>
<CenterOfMass>-0.00082358756940462011 0.015673836650852042 2.5577585043775069e-05</CenterOfMass>
<Inertia>0.0006336016200237497 0.00099321809975753917 0.00064550629948864765 -8.5461250542650394e-07 -8.3461515191130911e-09 1.3082066959948777e-05</Inertia>
</MassProperties>
<GeometryFile name="Part_0_Link__0_Varsayilan_sldprt.STEP" type="STEP"/>
<VisualProperties>
<Ambient r="0.0078431372549019607" g="0.23921568627450979" b="0.82352941176470584" a="1"/>
<Diffuse r="0.0078431372549019607" g="0.23921568627450979" b="0.82352941176470584" a="1"/>
<Specular r="0.0039215686274509803" g="0.11960784313725489" b="0.41176470588235292" a="1"/>
<Emissive r="0" g="0" b="0" a="1"/>
<Shininess>0.40000000596046448</Shininess>
</VisualProperties>
</Part>
<Part name="Part_1_Arm__1" uid="Part_1_Arm__1*:*Varsayilan" version="122">
<ModelUnits mass="kilogram" length="millimeter"/>
<PartFile name="Part_1_Arm__1.SLDPRT" type="SolidWorks Part"/>
<MassProperties>
<Mass>0.11467278603555521</Mass>
<CenterOfMass>-0.01122322767087677 -0.0034279737092665495 0.00031480807603886295</CenterOfMass>
<Inertia>1.6202536316084847e-05 0.0003675229497295879 0.00037856099047395015 -1.2374991170871602e-07 2.9971324522376377e-06 3.674031677707942e-06</Inertia>
</MassProperties>
<GeometryFile name="Part_1_Arm__1_Varsayilan_sldprt.STEP" type="STEP"/>
<VisualProperties>
<Ambient r="0.0078431372549019607" g="0.23921568627450979" b="0.82352941176470584" a="1"/>
<Diffuse r="0.0078431372549019607" g="0.23921568627450979" b="0.82352941176470584" a="1"/>
<Specular r="0.0039215686274509803" g="0.11960784313725489" b="0.41176470588235292" a="1"/>
<Emissive r="0" g="0" b="0" a="1"/>
<Shininess>0.40000000596046448</Shininess>
</VisualProperties>
</Part>
<Part name="Part_2_Arm__2" uid="Part_2_Arm__2*:*Varsayilan" version="148">
<ModelUnits mass="kilogram" length="millimeter"/>
<PartFile name="Part_2_Arm__2.SLDPRT" type="SolidWorks Part"/>
<MassProperties>
<Mass>0.09704921309928316</Mass>
<CenterOfMass>-0.016942753363894194 -0.0031938398752376783 0.00039220664291218869</CenterOfMass>
<Inertia>1.174610458002649e-05 0.00032936139040510665 0.00033478262991665524 -1.2156893586913508e-07 2.5905042129437286e-06 3.2981010325085253e-06</Inertia>
</MassProperties>
<GeometryFile name="Part_2_Arm__2_Varsayilan_sldprt.STEP" type="STEP"/>
<VisualProperties>
<Ambient r="0.0078431372549019607" g="0.23921568627450979" b="0.82352941176470584" a="1"/>
<Diffuse r="0.0078431372549019607" g="0.23921568627450979" b="0.82352941176470584" a="1"/>
<Specular r="0.0039215686274509803" g="0.11960784313725489" b="0.41176470588235292" a="1"/>
<Emissive r="0" g="0" b="0" a="1"/>
<Shininess>0.40000000596046448</Shininess>
</VisualProperties>
</Part>
</Parts>
</SimscapeMultibodyImportXML>
